name: 4x4 spin glass example with periodic boundary conditions.

1 2 0.09903237378406245
2 3 1.336081430075375
3 4 0.26374721274210333
4 1 -0.6502565758427513
5 6 -0.23104630104015222
6 7 -1.1877487173641932
7 8 -1.4109390690525192
8 5 -0.16478981899096026
9 10 -0.06003744073117638
10 11 -1.068600503473816
11 12 0.9314816923864454
12 9 1.135320557649365
13 14 -0.641042749371371
14 15 1.3090341465294288
15 16 0.7224660194728952
16 13 -0.7008388961336416
1 5 0.40007670026489783
2 6 -0.15629333877984236
3 7 -0.6590789994575288
4 8 -0.5093473530826119
5 9 -0.6579116969565566
6 10 0.01666711370372239
7 11 -0.18404167181378384
8 12 1.471539930545257
9 13 0.4508780689072985
10 14 -0.021692480170180592
11 15 -1.7839175237663347
12 16 -0.6564371927254261
13 1 0.6720920035187937
14 2 -1.0032701000759625
15 3 -1.0446049754697584
16 4 0.21244510590672644
