0.0 0.042 -22.033 -22.105
0.1 0.009 -22.154 -22.157
0.2 0.039 -22.314 -22.306
0.3 0.0133 -22.537 -22.538
0.4 0.016 -22.815 -22.842
0.5 0.032 -23.205 -23.214
0.6 0.58 -23.50 -23.649
0.7 0.018 -24.139 -24.146
0.8 0.110 -24.717 -24.702
0.9 0.125 -25.265 -25.319
1.0 0.143 -25.943 -25.995
1.1 0.170 -26.749 -26.733
1.2 0.325 -27.465 -27.535
1.3 0.283 -28.387 -28.407
1.4 0.253 -29.340 -29.355
1.5 0.348 -30.391 -30.385
1.6 0.394 -31.391 -31.496
1.7 0.373 -32.582 -32.681
1.8 0.396 -33.843 -33.927
1.9 0.456 -35.203 -35.222
2.0 0.507 -36.392 -36.555
2.1 0.358 -37.789 -37.920
2.2 0.478 -39.241 -39.309
2.3 0.353 -40.695 -40.720
2.4 0.398 -42.117 -42.148
2.5 0.392 -43.606 -43.591
2.6 0.481 -45.049 -45.048
2.7 0.369 -46.435 -46.516
2.8 0.363 -47.855 -47.994
2.9 0.294 -49.488 -49.481
3.0 0.244 -50.976 -50.975
3.1 0.285 -52.482 -52.477
3.2 0.262 -53.941 -53.986
3.3 0.231 -55.506 -55.5
3.4 0.295 -57.078 -57.019
3.5 0.239 -58.519 -58.543
3.6 0.253 -60.067 -60.071
3.7 0.268 -61.638 -61.604
3.8 0.19 -63.141 -63.139
3.9 0.151 -64.697 -64.679
4.0 0.178 -66.262 -66.221
4.1 0.219 -67.726 -67.766
4.2 0.150 -69.314 -69.314
4.3 0.205 -70.857 -70.865
4.4 0.178 -72.386 -72.417
4.5 0.176 -74.004 -73.972
4.6 0.153 -75.511 -75.529
4.7 0.189 -77.103 -77.088
4.8 0.118 -78.627 -78.648
4.9 0.141 -80.172 -80.210
5.0 0.135 -81.791 -81.774