name: 4x4 spin glass example with periodic boundary conditions.

1 2 0.6715533269422834
2 3 0.8733196678793659
3 4 0.20361654839288498
4 1 -1.550349212724641
5 6 -0.12059127526674993
6 7 -1.0592757448773025
7 8 0.3814369665471086
8 5 -1.1734290437167734
9 10 0.966371824603381
10 11 0.5324834312206059
11 12 2.2204199055906506
12 9 0.6890128380802951
13 14 0.8543644913362233
14 15 -0.29504751509759963
15 16 -0.6233505544043636
16 13 1.5917369009274847
1 5 0.1792047470562366
2 6 0.600863394252517
3 7 0.3474319006562093
4 8 0.8553718573453969
5 9 -1.8029182729524116
6 10 -1.8331129482658355
7 11 0.6091108687554361
8 12 2.4250144955073902
9 13 -2.022335755092762
10 14 -0.733827560080075
11 15 0.24510830717522347
12 16 -0.5381758576443225
13 1 -0.30637607711193054
14 2 -0.4136726437472006
15 3 1.0027435960936273
16 4 0.035581356068586825
