1.056634132145155336e+00
-9.734760854587977061e-03
-1.244111608802257463e+00
5.869331988179808147e-03
-1.820990830321330467e+00
2.098255531084416980e-02
3.595091121233062736e-01
2.274391232309743924e-02
1.127173431976124185e+00
1.804608320434157934e-02
-1.254211573947725977e+00
-9.711801076514125705e-03
-2.799428935621770531e-01
3.431284408575061527e-03
-4.265488260696958633e+00
7.753066549081168851e-03
1.111996367523796270e+00
-7.502662517173535987e-03
-1.206265791803911247e+00
-6.925077263865447690e-03
-4.875755298222889778e+00
-9.485291621899523060e-03
-2.014662798017520018e+00
-2.513640680597786174e-03
-9.132837391094521529e-01
1.202236407686844456e-02
4.255160027270857626e+00
1.844471143198820468e-02
-1.457146900218379670e+00
-1.696608225390771468e-02
-4.542031655782193811e-01
-6.335943702955399749e-03
-7.602137718995222171e-02
-2.203480341759034289e-01
1.361818494847993541e-02
-1.395441032771213841e-01
3.099640735198084252e-01
1.089580051513675263e-01
5.120607667496439586e-01
3.901219426156746772e-01
-9.048783982321097208e-02
-2.404571400811048032e-02
5.371854180254228422e-02
7.188741797630590624e-02
4.613606905410524428e-01
-1.390159739250176885e-01
-2.443009356939402354e-01
4.359515785382868380e-02
-2.712378360538126643e+00
-1.126066655974518493e+00
-2.168414461770921342e+00
-1.765547772039255614e+00
2.948633155390322641e-02
1.927178171444002275e-02
-1.771214204895095179e-01
2.685715926232350448e-01
1.279549309384219458e-01
-3.317033199840083851e-02
-2.457660004692927558e-01
-8.542722648426180621e-02
-3.510279129439815016e-01
4.641707004998904540e-02
-1.171326491066492226e-01
1.637064970694793870e-02
-2.848633663533656213e-02
-2.102073760563786808e-01
9.810558614628478447e-02
4.099526848326993100e-01
-1.063828763542576383e-02
3.030147925377430496e-01
-2.480886940010343378e-02
-1.833042696341029565e-01
-6.182505135230687010e-02
-1.985749047903606623e-01
3.230724466906650938e-02
3.042951538678440593e-01
1.313052657173693349e-01
1.256685962134169166e-01
3.753756914000071720e+00
4.459116060666271086e-02
-1.121338364549776090e+00
4.637449220713851100e-02
4.056993270910301819e-01
-1.725512541589963728e-02
4.172559375200990850e+00
2.031712672002475295e-02
3.863089575253036978e-02
3.633978944426530799e-01
4.823351316215399032e-02
2.210695606010363023e-01
-2.573125829304803713e-01
-5.156477586985269701e-01
7.823636918209414537e-02
1.809066424125391204e-01
-1.481106342127347375e-02
1.047235489723370716e-01
-7.560280879190389713e-02
-1.160780999918546719e-01
1.257802232896838290e-01
1.633268965992478450e-01
2.427306729060359491e-01
5.319713765711413939e-02
5.903061580829586930e-02
-4.089830929003705762e-02
-2.030600376833255338e-02
-6.019950847857696158e-02
1.988823314511634077e-01
1.255753004435120890e-01
-4.543154854652409896e-02
1.133014730910704149e-01
4.076164793912719908e+00
-1.010029418430637149e-01
-1.189407618551242773e+00
9.636447647305904085e-02
9.044251605917457137e-01
-8.848372437875305641e-02
4.757608444764374944e+00
-8.943748665202935766e-02
2.369003435019113590e-01
3.787115046201906116e-02
4.810288874099127865e-02
3.588857435970848470e-02
-7.684223715747853234e-01
-3.700194567647206723e-02
4.392720077268322254e-02
1.056396878445523130e-01
7.874501923488083643e-02
1.584216694686701454e-01
2.580274344012221666e-01
3.512544951707341490e-02
-3.487648244123442431e-01
-3.237179798288752908e-02
-2.507636274269743892e-01
-1.657836673510119097e-01
1.577398924634945132e-01
1.258769231335858385e-01
2.920950470575694458e-01
1.143996581302730020e-01
-3.362789994874945676e-01
-1.181358961028214360e-01
-1.948288847259598833e-01
-1.383252054819160137e-01
-4.387740646944417122e+00
4.300625792715500051e-01
1.197521702013485401e+00
-2.538118838326723914e-01
-6.174558995274764817e-01
-9.655533107711145036e-02
-4.926443288567399215e+00
5.180700283055376110e-01
-3.711111166201972456e-01
-2.131896338115070733e-01
-2.768208502253179937e-01
-1.104950163827378429e-01
5.252288673906645444e-01
3.729237189976830624e-02
-3.237541012220803704e-01
-1.436125077603286337e-01
-3.084843329871134743e-01
-1.291820134813169985e-01
5.015419314745583890e-01
3.529319568690962861e-01
-5.672797287259639942e-01
-6.541819302200229114e-01
-6.904743626781577603e-01
-1.107120494808563116e+00
4.727093094623483482e-01
2.575537648515720535e-01
5.452467346187317432e-01
2.366938650409544653e-01
-5.634860028390556996e-01
-1.056586757919228736e+00
-5.266297406748938759e-01
-3.477392495146043871e-01
-4.116997072470056196e+00
-8.724433927980184134e-01
5.878427309600618988e-01
-4.101531282055749794e-01
6.014192220258838262e-01
-1.738783975589388575e-01
-4.777820329324161897e+00
-3.742465377618567346e-01
-7.033409964987114016e-01
-1.170829777460552501e+00
-4.979114129390245225e-01
-3.602193287482275408e-01
8.703947092520787354e-01
1.489583476541116669e+00
-5.712540808290151872e-01
-3.344785280808534322e-01
-5.346265934312727230e-01
-7.627955778740912463e-01
-8.607920964108700668e-02
4.479548590046274203e-02
1.572673747740498396e-01
2.272666660398690863e-01
2.843366718415573646e-01
5.004540270587073403e-01
-2.143533263994727017e-02
5.123312212912929653e-02
-7.470769569392560205e-02
1.686503127956792691e-02
5.766925123709651380e-02
3.067928540810635485e-01
1.288654621301935643e-01
-1.173039776435737813e-01
3.830039983055820496e+00
2.726938245155601237e-01
-1.218597183822532903e+00
-1.423006728171231361e-01
5.508113196928617894e-01
2.572491937145544583e-01
4.429944542940865482e+00
2.601351069445209108e-01
2.780197211907561861e-01
5.741175427100507767e-01
1.376297389485802436e-01
5.382119706153895566e-02
-5.020367090396304910e-01
-9.849432341879887920e-01
1.914726536896353692e-01
-3.521623596608330908e-02
1.126560347568511811e-01
-1.355489168006510786e-02
1.292261745410235030e-02
6.628742619296301708e-02
-5.003859640237556805e-03
-2.544202267599481870e-01
8.459231794417459982e-03
-4.062487133317826959e-02
4.571535263983798891e-02
2.945159608490377501e-02
3.937019202015175356e-02
-1.357945681679074285e-02
-3.036680591237830157e-02
-1.326308720860344126e-01
-4.062213934777768320e-02
-4.145338900651242275e-02
4.337130980174512374e+00
4.928188521760519525e-02
-1.382532280002203073e+00
-4.374829752232985147e-02
7.525511977534203867e-01
4.469145830206238540e-02
4.952049208657644641e+00
5.017085575661761609e-02
-1.502800822200779651e-02
-1.563173936583540646e-01
-2.347535722520778523e-02
-5.972855729359394239e-02
-1.602748115584780031e-01
6.405660107253671742e-02
6.821680022156578760e-03
-4.455870242703360851e-02
5.184235705693002183e-02
-3.250228066174712382e-02
4.867305273969381174e-01
-1.557184185463427739e-01
-4.038023043758563468e-01
-8.434554557378226569e-02
-5.348941706048058187e-01
-3.812820107608091424e-01
3.869106795048875003e-01
-2.229217107438873635e-01
4.259588101618143607e-01
-1.844334572555528240e-01
-2.977458634119391490e-01
-1.708527683396811048e-01
-4.448201677305173574e-01
3.632984142814158490e-01
-3.796494266399089490e+00
-4.166836824583641796e-02
8.624659874480080646e-01
2.780704798871659889e-01
-8.059545333272214451e-01
-4.542945339877528244e-01
-4.372807182643338564e+00
3.239000734894892375e-02
-2.984266583457749755e-01
-5.353526137392603523e-01
-4.363509802859220077e-01
-4.744672638607241866e-02
4.235347580436261139e-01
1.104461722251619760e+00
-4.384121961313144911e-01
1.970976683701291254e-01
-6.031233178732431366e-01
4.318266278782333933e-01
-1.614384715639778645e-01
8.841746051953978947e-02
2.913729076122472672e-01
-2.230600088197629560e-01
2.723866418542895684e-01
-3.169959737847911629e-01
-1.266478912582191529e-01
9.332608608679919537e-02
-1.827598949532383554e-01
5.122467210702660173e-02
3.270228124963350247e-01
-1.340893649137411270e-01
1.008106270760641965e-01
1.201639408629597006e-02
3.984340680556733183e+00
-7.831328822530811071e-04
-1.038122923217807969e+00
9.800580176509317287e-03
6.218917932739926879e-01
-1.093836812664570612e-01
4.564397345122240601e+00
1.488245996746749289e-01
3.245366305757292347e-01
-3.224007791338899809e-01
2.099724390857739820e-01
-6.474249094529185844e-02
-6.277269359820384365e-01
6.135221409478166521e-01
2.265488966236768320e-01
4.463648690274790720e-02
2.490037909809571515e-01
-5.401674056955195480e-02
-2.708543731179143155e+00
-1.109507400152299761e+00
2.757370254082987859e+00
1.047310581915796179e+00
2.938340359272421765e+00
6.126298911588650142e-01
-2.778521604544497592e+00
-1.165512906322040410e+00
-2.723878547497503799e+00
-1.171503586071827252e+00
2.836216745747536017e+00
8.324019769266973734e-01
2.802663543714650540e+00
1.238072331902355216e+00
2.262448614107873013e+00
1.221582331959101708e+00
8.581862264896759074e-01
1.595408453003484883e+00
1.492896081824370835e+00
-1.266905314564758633e+00
1.635732357383399060e+00
2.107662095162060378e+00
2.802773615162413634e+00
7.121166813380739313e-01
2.741763587758335063e+00
1.088935521699054387e+00
-3.045812285189565483e+00
-4.168290669808172311e-03
2.726483106501603970e+00
1.204757989573570498e+00
2.957158686606133458e+00
1.140838464769480476e+00
-2.154318559626647200e+00
-1.739108707322658987e+00
2.380204568588408787e+00
1.471728687490724941e+00
2.932821914210103298e+00
1.137726664331629722e+00
-2.175458845108427575e+00
-1.888090111182406883e+00
-2.230891555810261107e+00
-1.827713686666049719e+00
2.739714676183319320e+00
1.391186200806954654e+00
2.163506819247753565e+00
1.996456273269803239e+00
-6.189307534005898948e-01
1.077615202484460744e+00
5.738686049321328753e-01
1.705508154161294643e+00
5.182449776256626839e-01
3.106217383355222572e-01
-1.103234903077412676e+00
1.098361715901718494e+00
2.998223696680192507e+00
9.992228746346283330e-01
2.371785202999145081e+00
1.762809148769194589e+00
-3.606660055020353361e+00
-2.515310445894463065e-01
2.264915005846257046e+00
1.817936831868801173e+00
2.374785659173881847e+00
1.894316345971024829e+00
-2.336862612829410449e-02
3.669602076147389369e-02
-1.712998516913445679e-01
2.132266395207794707e-01
-2.465643191013126012e-01
4.973373382431117151e-01
3.662981698246504936e-03
3.437657190507170668e-02
1.113448953914578377e-01
3.822483034720169925e-02
-2.600015104797137599e-01
2.676897000589266162e-01
1.561942064975702094e-01
-1.544664364593767159e-01
-4.048888197704568093e+00
2.668318740340512307e-01
1.271763239698427528e+00
-1.897647906903742743e-01
-5.909166408596695508e-01
3.347558267701529755e-01
-4.466535330769203505e+00
2.588621771932351767e-01
-4.060311931889133419e-01
5.706959621823398665e-01
-8.851042296472988458e-02
1.307589730804032957e-01
8.269014063261892478e-01
-1.054071170787467704e+00
-1.282859788078556940e-01
-2.470565071668789914e-02
-7.154168718916610603e-02
-1.418096745528786007e-01
-1.564891107050988550e-01
3.059316354850021291e-01
1.853241689778588608e-01
-2.935585059460975588e-01
1.971476044875101197e-01
2.754255282568192631e-01
-1.908862751974998995e-01
4.295974377767141084e-01
-1.776819307413450566e-01
3.599886382384168138e-01
1.539251690962333274e-01
1.344839540519731647e-01
1.550687128001157766e-01
-3.843317881750374920e-01
3.835528844878627552e+00
1.314715567049560274e-01
-1.129051150575645979e+00
-3.613513812046519336e-01
7.953307225671165659e-01
4.028871074964722743e-01
4.373068558319282317e+00
1.183840731891248055e-01
1.740349877484517194e-01
1.157852512889437357e-01
1.868410053189049069e-01
-2.960367549001454712e-01
-3.652387359972421588e-01
-7.628588712753120449e-01
1.850939998580092005e-01
-3.552369348116085623e-01
2.628252051330016714e-01
-1.649249380177434110e-01
2.638880765425090369e-02
-2.223091208096133337e-02
-2.918161791992958665e-01
2.111679722480758747e-01
-3.848189711002593660e-01
2.628726404226895963e-01
1.422535395713303563e-01
-2.985388372175234312e-02
1.571698473775564875e-01
-6.440926574795392823e-02
-3.653594242538180104e-01
1.848537455257299456e-01
-8.314986751435962664e-02
-2.554907579744042714e-02
-4.136790312923461777e+00
9.751308473771121144e-02
1.267043744175782249e+00
-7.158584098393815098e-02
-6.750958662876589411e-01
3.682374257629837666e-02
-4.606330616205965178e+00
3.417358332557154932e-02
-4.549318167483151765e-01
2.183806046309094973e-01
-1.424772739116732523e-01
1.154228103345942003e-01
9.890801036999461449e-01
-5.448999946409422979e-01
-1.367867896341172784e-01
7.734654512095254231e-02
-1.480622114941910206e-01
3.394454240657771016e-02
-1.991730612761659913e-01
-1.229994998895899555e-01
2.248079125495940911e-01
1.442937083142521448e-01
1.024952579820604670e-01
1.680268192460533661e-01
-2.459262752991348000e-01
-1.116136726170957466e-01
-1.698939014325172026e-01
-1.406677154575651789e-01
1.053317176667278865e-01
-7.748448154887788153e-03
2.666234874155447576e-01
1.487532878921793075e-02
4.013753643199497567e+00
2.810419898629491764e-02
-1.113645632649526096e+00
4.137947542613169827e-02
5.586705753627149162e-01
-2.340146420005289121e-02
4.520274203240261635e+00
-3.154684412010022587e-02
5.767607535986504774e-02
1.370918373982949190e-01
1.918789973136695581e-01
3.583593621179487904e-02
-1.757946321798912193e-01
-3.242612927644403786e-01
2.004575486379798765e-01
1.071149672417241600e-01
2.454281171774814752e-01
-3.421439130290314379e-02
-3.161079191447754289e-01
6.168266027113540606e-02
4.049537095910021867e-01
-1.892657559541082585e-02
1.275611896740200257e-01
3.023688682740331007e-02
-1.583394285512511879e-01
3.835028910797205065e-02
-3.087575992287490689e-01
2.975710196157526147e-02
2.966523809998468098e-01
5.017048771106765587e-02
7.556639481145718817e-02
-1.000539227031599365e-02
3.914289023290847158e+00
3.059151842500520621e-02
-9.998696329205096767e-01
-1.250044226875740225e-02
5.409364214721472663e-01
-8.080389676434415747e-03
4.410450757522340837e+00
-1.506157399709776371e-02
3.640064100240106848e-01
-1.810071329795858580e-02
2.840789338522185514e-01
-4.106546473847251522e-02
-6.701410043958846430e-01
7.338830608466520578e-02
3.825214169700581479e-01
-6.495941090168169674e-03
2.005015063800252295e-01
1.837683551177796137e-02
-1.273533726339807215e-01
1.031102727382902789e-01
1.130346435124184035e-01
-4.105641897300072590e-02
2.595122937877750169e-02
1.183276537267939355e-01
-1.081747190594917196e-01
1.256800541827288176e-01
-1.064563188885539469e-01
1.190274321601040852e-01
4.265632884235136257e-02
1.476993002089110885e-01
1.065177840183935687e-01
-3.538293644349700673e-02
3.774997193747870128e+00
9.175644882627262411e-02
-1.057082346202503187e+00
-2.083605434656379124e-02
6.209545502815984053e-01
8.648820934557345519e-02
4.323457488668110749e+00
1.202631743875859915e-01
7.445929928301411871e-02
9.549220418036549751e-02
8.761715101121778093e-02
-1.011335047941563925e-01
-1.800586462699409473e-01
1.076668598523659870e-02
5.494996081823710909e-02
-9.339528103188425578e-02
9.403631405697032708e-02
5.143240806409241084e-02
