name: 10x10 spin glass example with periodic boundary conditions, results: -120.47 ± 0.30 batch size 2048 learning rate 0.1 150 iterations, -125.715 ± 0.036 batch size 2048 learning rate 0.01 400 iterations

1 2 1.5514049063777395
2 3 -0.5283512727096902
3 4 -0.23811460788657676
4 5 -1.124770618344465
5 6 -1.2502579555332944
6 7 -0.7130806629654889
7 8 0.7304722062516903
8 9 -1.2230330728962426
9 10 0.9307311813166127
10 1 1.0732581013649287
11 12 0.47879757607513507
12 13 1.39750742770273
13 14 -1.4648152927277822
14 15 -1.0446618939644805
15 16 -0.5802160524141898
16 17 -0.7928997420097017
17 18 -0.02960538839679171
18 19 0.7594845458354664
19 20 1.024477565956116
20 11 0.48189276945054293
21 22 -0.47995157378762415
22 23 -0.2659819966178863
23 24 -1.6935512122036491
24 25 -0.3808042702591335
25 26 -0.2551216409537957
26 27 0.038640376498084356
27 28 0.34942667853269754
28 29 -0.9894606719944641
29 30 -1.482698604945722
30 21 0.5098277634589161
31 32 1.0799415417614837
32 33 -1.5951797652999342
33 34 0.017618341056332955
34 35 -0.0599613611452441
35 36 1.442009032983429
36 37 0.10977287554414346
37 38 2.5144202273364593
38 39 0.3718499227158057
39 40 -0.1869362730214379
40 31 0.02221110883016796
41 42 -1.4167658229157167
42 43 0.8943802253838204
43 44 -0.24700712592894528
44 45 0.2474366301184532
45 46 0.11608455389786858
46 47 0.9016697474508072
47 48 -0.537500601907086
48 49 1.0782102012273875
49 50 -0.6200678903229222
50 41 0.3298622036023133
51 52 0.6753893687811623
52 53 -0.33403959047675086
53 54 -0.8931963990139792
54 55 1.1192534300371384
55 56 -0.4713549662520253
56 57 -0.7184168298657505
57 58 -1.0569046995118065
58 59 -1.4568614545321175
59 60 0.15843106427216683
60 51 -0.7711967072399968
61 62 0.3777916297784463
62 63 0.5019926089940899
63 64 1.024675491581753
64 65 -1.1052921181686162
65 66 0.38365958099905706
66 67 -0.6284519892203837
67 68 -0.9953523703253457
68 69 -1.393468096499838
69 70 1.200414963552673
70 61 0.715169379255634
71 72 -1.0712780985353931
72 73 0.520598878541373
73 74 0.4432308804608519
74 75 0.72352942818453
75 76 -2.061797071869968
76 77 -0.8988523048929736
77 78 -1.9893290283179652
78 79 1.2547580867572712
79 80 1.212803127823494
80 71 -0.2339694155681433
81 82 -0.3639768858522836
82 83 0.09557885947546299
83 84 -0.05958131124186678
84 85 0.1397243818934188
85 86 -1.7728328958871975
86 87 -0.1647433912946978
87 88 0.8391023027348321
88 89 -0.5217848666417861
89 90 -0.10389597866555728
90 81 0.24100372393395383
91 92 0.24851536544594371
92 93 0.37626018227114655
93 94 0.02141881563323288
94 95 1.7971241106726865
95 96 -0.016804061036848027
96 97 -2.6151738346607676
97 98 0.8556385642987843
98 99 -0.6045289031924198
99 100 1.9160523024632248
100 91 0.026703710671908666
1 11 -0.11077371155242366
2 12 2.342311138262886
3 13 0.20705295338970428
4 14 -0.8259084273499969
5 15 1.0116151813310856
6 16 -0.3017260536643061
7 17 0.5628372027329007
8 18 -0.36850211695039636
9 19 0.3888594155203884
10 20 0.996245062325732
11 21 0.9461524592167098
12 22 -0.8443352684319605
13 23 0.7985732569951903
14 24 1.4822719355818699
15 25 -0.6722353713605084
16 26 1.091658996557967
17 27 0.5797733955084192
18 28 0.1202982406705742
19 29 -1.0151557466958292
20 30 1.6716743821223812
21 31 1.1948835467557077
22 32 -1.0553302286789765
23 33 0.8769497106117873
24 34 0.9176010618799735
25 35 0.8628661055848624
26 36 -0.3115506685371421
27 37 1.3208971332433117
28 38 0.5518813036863566
29 39 -0.972735349512835
30 40 2.3727722078336186
31 41 0.16386481788111532
32 42 0.20158416526882764
33 43 -1.3012971178679638
34 44 0.7474700202337283
35 45 -0.37846064674986635
36 46 0.04192306662886012
37 47 -0.5031708272481908
38 48 0.15857003666456362
39 49 -2.5270271709823153
40 50 0.9003219318406618
41 51 -1.9616030838563971
42 52 -0.38590421863371227
43 53 -0.49181569696710475
44 54 -0.9612321875634735
45 55 0.14784778517376185
46 56 1.5774164052013973
47 57 -0.5504645103604134
48 58 1.4928100692671267
49 59 0.23735881023985236
50 60 -0.8886324806618112
51 61 0.24633520656751395
52 62 -0.028241702138886257
53 63 -0.19201454603854953
54 64 -0.30670132045151666
55 65 -0.05391997614406879
56 66 0.14102610387532777
57 67 0.5506474607242139
58 68 0.31970695928790316
59 69 -2.0030317585675075
60 70 -0.272070617447429
61 71 0.8125572886458108
62 72 0.2034765233556295
63 73 -0.13048306070858537
64 74 0.8302184656421594
65 75 -1.0825995899946403
66 76 -0.4519115181388246
67 77 1.2962905280218673
68 78 -0.13461235052221387
69 79 -0.32583079673713644
70 80 0.9990764799844216
71 81 0.7656697957564634
72 82 -1.1025438017504472
73 83 -0.8834729708757606
74 84 -1.2201111844263313
75 85 -0.13674449662358126
76 86 0.017969261469368933
77 87 1.2025229614512953
78 88 1.3330531532500016
79 89 0.9945378839235886
80 90 0.4153922729133487
81 91 -0.15324503439639212
82 92 1.6753558426696251
83 93 -0.4363952760491514
84 94 0.2082648612606731
85 95 -0.39067855441298877
86 96 2.724195106608034
87 97 -0.31147852148114474
88 98 -0.3466240024467603
89 99 -0.854248888553182
90 100 1.1199817045416152
91 1 -0.24317052469823883
92 2 -1.6350963038728719
93 3 1.3685284316933797
94 4 -0.3079988930074885
95 5 -0.661625304636493
96 6 -1.2957174163939797
97 7 -0.7075741156206318
98 8 -0.32850706668088875
99 9 0.6635035758983264
100 10 -1.097283217141617
